1 0.126667 0.125000 0.238095 0.209770
1 0.385714 0.122126 0.196190 0.158046
1 0.620952 0.135057 0.217143 0.178161
1 0.880952 0.129310 0.222857 0.189655
1 0.122857 0.367816 0.226667 0.224138
1 0.373333 0.344828 0.232381 0.206897
1 0.621905 0.340517 0.226667 0.163793
1 0.871429 0.372126 0.207619 0.146552
1 0.120952 0.652299 0.222857 0.178161
1 0.376190 0.599138 0.226667 0.192529
1 0.621905 0.586207 0.211429 0.212644
1 0.874286 0.637931 0.217143 0.189655
1 0.123810 0.887931 0.232381 0.183908
1 0.376190 0.857759 0.146667 0.192529
1 0.627619 0.863506 0.196190 0.204023
1 0.877143 0.886494 0.238095 0.192529
